
SPAGeDi 1.3a - a program for Spatial Pattern Analysis of Genetic Diversity
               Written by Olivier Hardy & Xavier Vekemans
               Contributions by Reed Cartwright

Input file : "/Users/mpinsky/Documents/Stanford/Philippines/2008/Genotyping/Analysis/PRBI/090923/spagedi/PRBI_cebu_2009-10-31-SPAGEDI.txt"
Results file : "/Users/mpinsky/Documents/Stanford/Philippines/2008/Genotyping/Analysis/PRBI/090923/spagedi/PRBI_cebu_L&R99 091102.txt"
96 individuals
0 categories: 
2 spatial coordinates, Spatial1, Spatial2
16 loci: Locus-1, Locus-2, Locus-3, Locus-4, Locus-5, Locus-6, Locus-7, Locus-8, Locus-9, Locus-10, Locus-11, Locus-12, Locus-13, Locus-14, Locus-15, Locus-16
3 digits per allele
Max ploidy announced: 2
# indiv within each ploidy:  2x=96

# groups (min - max # indiv per group): 
  0 categorical groups
  60 spatial groups (1 - 7)   WARNING: 30 groups with 1 indiv
  0 spatio-categorical groups

ALLELE FREQUENCIES
Locus	# missing genotypes (%)	# incomplete genotypes (%)	# of defined genes	# alleles	He (gene diversity corrected for sample size, Nei 1978)
Locus-1	2 (2.1%)	0 (0.0%)	188	4	0.4466		allele	1	19	20	21
							frequency	0.0106383	0.228723	0.707447	0.0531915
Locus-2	8 (8.3%)	0 (0.0%)	176	4	0.5136		allele	1	2	3	4
							frequency	0.511364	0.477273	0.00568182	0.00568182
Locus-3	2 (2.1%)	0 (0.0%)	188	14	0.7422		allele	1	2	3	4	5	6	7	9	10	11	19	30	60	90
							frequency	0.0106383	0.0265957	0.388298	0.037234	0.0531915	0.31383	0.0212766	0.0744681	0.0319149	0.00531915	0.00531915	0.0159574	0.0106383	0.00531915
Locus-4	3 (3.1%)	0 (0.0%)	186	4	0.4784		allele	1	4	5	6
							frequency	0.0107527	0.645161	0.327957	0.016129
Locus-5	1 (1.0%)	0 (0.0%)	190	15	0.8129		allele	1	2	3	4	5	6	7	8	9	10	15	16	21	22	30
							frequency	0.0736842	0.0157895	0.363158	0.0157895	0.0210526	0.147368	0.0210526	0.00526316	0.136842	0.00526316	0.0526316	0.0473684	0.0842105	0.00526316	0.00526316
Locus-6	1 (1.0%)	0 (0.0%)	190	7	0.7590		allele	1	2	3	5	7	9	21
							frequency	0.205263	0.357895	0.163158	0.215789	0.0157895	0.0368421	0.00526316
Locus-7	1 (1.0%)	0 (0.0%)	190	17	0.8589		allele	1	2	4	5	6	7	9	10	11	13	14	15	20	50	60	90	100
							frequency	0.178947	0.0842105	0.00526316	0.00526316	0.242105	0.00526316	0.126316	0.126316	0.0157895	0.115789	0.00526316	0.00526316	0.0105263	0.00526316	0.0368421	0.0263158	0.00526316
Locus-8	0 (0.0%)	0 (0.0%)	192	15	0.6696		allele	1	2	9	19	21	23	25	27	29	31	32	33	34	35	36
							frequency	0.546875	0.09375	0.00520833	0.00520833	0.145833	0.0208333	0.00520833	0.0260417	0.0208333	0.0208333	0.0208333	0.0208333	0.0104167	0.0208333	0.0364583
Locus-9	1 (1.0%)	0 (0.0%)	190	5	0.4764		allele	1	2	3	4	5
							frequency	0.0105263	0.7	0.0894737	0.163158	0.0368421
Locus-10	5 (5.2%)	0 (0.0%)	182	6	0.7011		allele	1	2	4	5	6	7
							frequency	0.0879121	0.450549	0.0989011	0.28022	0.0549451	0.0274725
Locus-11	8 (8.3%)	0 (0.0%)	176	18	0.8837		allele	1	15	16	17	18	20	21	22	24	25	26	27	29	30	32	33	34	37
							frequency	0.221591	0.0113636	0.00568182	0.159091	0.0681818	0.0340909	0.130682	0.119318	0.0738636	0.0227273	0.0227273	0.0227273	0.0340909	0.00568182	0.0170455	0.0284091	0.0170455	0.00568182
Locus-12	0 (0.0%)	0 (0.0%)	192	2	0.4599		allele	1	2
							frequency	0.354167	0.645833
Locus-13	1 (1.0%)	0 (0.0%)	190	6	0.6755		allele	1	3	7	8	12	13
							frequency	0.410526	0.0263158	0.331579	0.00526316	0.221053	0.00526316
Locus-14	0 (0.0%)	0 (0.0%)	192	4	0.2754		allele	1	2	4	5
							frequency	0.151042	0.838542	0.00520833	0.00520833
Locus-15	0 (0.0%)	0 (0.0%)	192	6	0.6450		allele	1	4	5	6	7	8
							frequency	0.00520833	0.25	0.520833	0.078125	0.135417	0.0104167
Locus-16	12 (12.5%)	0 (0.0%)	168	7	0.7360		allele	1	5	7	9	10	50	70
							frequency	0.00595238	0.220238	0.321429	0.333333	0.0595238	0.0238095	0.0357143


VALUES OF THE COMPUTED STATISTICS
Genetic analyses at INDIVIDUAL level (96 individuals)
Dist classes		1	2
Max distance		-1.0000	186671.9581
Number of pairs		52	4508
% partic		68.8	100.0
CV partic		1.36	0.02
Mean distance		0.0000	50629.9926
Mean ln(distance)			10.1989

Pairwise RELATIONSHIP coefficients ('r' in Lynch & Ritland, 1999)					distance range for regression analyses	Regression with linear distance									Regression with ln(distance)
Locus	intra-individual (inbreeding coef)	intra-group	2	average	0-186672	b (slope)	a (intercept)	r2 (coef of determination)	N (# pairs)	Md (mean distance)	Vd (variance of distance)	Mv (mean statistic)	Vv (variance of statistic)		b (slope)	a (intercept)	r2 (coef of determination)	N (# pairs)	Md (mean ln(distance))	Vd (variance of ln(distance))	Mv (mean statistic)	Vv (variance of statistic)	
ALL LOCI		0.0099	-0.0126	-0.0124		2.10636E-08	-0.0136894	5.3015E-05	4508	50630	1.40578E+09	-0.0126229	0.0117648	0	0.00145888	-0.0274859	0.000524846	4507	10.1989	2.90158	-0.0126071	0.0117663
Locus-1		0.0661	-0.0117	-0.0108		1.00886E-06	-0.0631392	0.00173001	4320	51027	1.42713E+09	-0.0116601	0.839605		0.0164019	-0.178719	0.000955777	4319	10.1949	2.98327	-0.0115047	0.839695
Locus-2		0.5556	-0.0188	-0.0115		-2.09962E-06	0.0898395	0.000328456	3779	51763.9	1.45868E+09	-0.0188451	19.5779		-0.0301351	0.289029	0.000136468	3779	10.2165	2.94206	-0.0188451	19.5779
Locus-3		-0.0477	-0.0103	-0.0108		5.07026E-07	-0.0361888	0.0011791	4320	51027	1.42713E+09	-0.0103168	0.311153		0.00906483	-0.102654	0.000787724	4319	10.1949	2.98327	-0.0102391	0.311199
Locus-4		-0.0837	-0.0100	-0.0109		5.32047E-07	-0.0373889	0.000282106	4228	51462.2	1.44145E+09	-0.0100085	1.4464		0.00323819	-0.0430283	2.09236E-05	4227	10.2165	2.8868	-0.00994523	1.44672
Locus-5		0.0294	-0.0111	-0.0106		-8.72183E-08	-0.00669157	7.61064E-05	4413	50660.4	1.40924E+09	-0.0111101	0.140857		-0.00187146	0.00792469	7.20991E-05	4412	10.2005	2.90004	-0.0111651	0.140875
Locus-6		-0.0299	-0.0104	-0.0106		1.0752E-07	-0.0158696	5.6784E-05	4414	50725.7	1.41297E+09	-0.0104155	0.287664		0.00481087	-0.0595139	0.000236171	4413	10.1959	2.93595	-0.0104628	0.287719
Locus-7		0.0564	-0.0114	-0.0106		1.74702E-07	-0.0202792	0.000294932	4413	50660.4	1.40924E+09	-0.0114287	0.145833		0.00491301	-0.0614938	0.000479928	4412	10.2005	2.90004	-0.0113787	0.145855
Locus-8		0.0368	-0.0111	-0.0105		2.22077E-07	-0.0223163	0.00027176	4508	50630	1.40578E+09	-0.0110725	0.255118		0.00167878	-0.028163	3.20474E-05	4507	10.1989	2.90158	-0.0110413	0.255171
Locus-9		0.0146	-0.0109	-0.0106		1.96948E-08	-0.0119275	8.27567E-07	4414	50683	1.41003E+09	-0.0109293	0.660891		-0.00169299	0.00610816	1.26563E-05	4413	10.1989	2.91792	-0.0111584	0.660809
Locus-10		-0.0911	-0.0102	-0.0111		2.96819E-07	-0.0253064	0.000363027	4048	50954.5	1.41785E+09	-0.0101821	0.344092		0.00538182	-0.0651117	0.000237761	4047	10.2182	2.82517	-0.0101193	0.344161
Locus-11		-0.0265	-0.0113	-0.0115		6.60775E-08	-0.0145839	6.26332E-05	3781	49576.2	1.36849E+09	-0.011308	0.0953992		0.00607838	-0.0730346	0.00114578	3780	10.1704	2.95825	-0.011215	0.0953917
Locus-12		-0.1410	-0.0090	-0.0105		-1.51484E-06	0.0676753	0.0016558	4508	50630	1.40578E+09	-0.0090209	1.94824		-0.0327755	0.324733	0.00160053	4507	10.1989	2.90158	-0.00953925	1.94746
Locus-13		-0.0074	-0.0107	-0.0106		1.55101E-08	-0.0114617	5.83226E-07	4413	50660.4	1.40924E+09	-0.010676	0.581266		0.00171996	-0.0282734	1.47562E-05	4412	10.2005	2.90004	-0.010729	0.581385
Locus-14		-0.1207	-0.0093	-0.0105		1.41119E-06	-0.0807043	0.00176931	4508	50630	1.40578E+09	-0.00925565	1.58229		-0.000509029	-0.00428807	4.75115E-07	4507	10.1989	2.90158	-0.00947958	1.58242
Locus-15		0.0707	-0.0115	-0.0105		-3.66027E-07	0.00706899	0.000431131	4508	50630	1.40578E+09	-0.0114629	0.436853		-0.00929991	0.0833971	0.00057433	4507	10.1989	2.90158	-0.0114514	0.436949
Locus-16		0.1680	-0.0142	-0.0120		-1.92372E-06	0.0831638	0.0112389	3444	50635.2	1.39816E+09	-0.0142443	0.460385		-0.0258056	0.248429	0.00435424	3443	10.1865	3.01029	-0.0144396	0.460387

LOCATIONS, INDIVIDUALS and/or GENES PERMUTATION TESTS -> Ho: obs=exp (exp = mean value after permutation)
Initial seed= 3420

ALL LOCI	Pairwise RELATIONSHIP coefficients ('r' in Lynch & Ritland, 1999)					Slopes of regression analyses
	intra-individual	intra-group	2			b-lin (slope linear dist)	b-log (slope ln(dist))
Object permuted		IaSG	SGLaSG			SGLaSG	SGLaSG
N valid permut		10000	10000			10000	10000
N different permut val		9999	1			9999	10000
Obs val		0.00991486	-0.0126229			2.10636E-08	0.00145888
Mean permut val		-0.0127454	-0.0126229			-8.82556E-10	-2.76746E-06
SD permut val		0.0157644	0			5.72813E-08	0.000977349
95%CI-inf		-0.043778	-0.0126229			-1.51061E-07	-0.00209733
95%CI-sup		0.018905	-0.0126229			8.68152E-08	0.00176478
P(1-sided test, H1: obs<exp)		0.9257	1.0000			0.6243	0.9439
P(1-sided test, H1: obs>exp)		0.0744	1.0000			0.3758	0.0562
P(2-sided test, H1: obs<>exp)		0.1487	1.0000			0.7514	0.1123

Locus-1	Pairwise RELATIONSHIP coefficients ('r' in Lynch & Ritland, 1999)					Slopes of regression analyses
	intra-individual	intra-group	2			b-lin (slope linear dist)	b-log (slope ln(dist))
Object permuted		IaSG	SGLaSG			SGLaSG	SGLaSG
N valid permut		10000	10000			10000	10000
N different permut val		9948	1			9999	9998
Obs val		0.0661115	-0.0116601			1.00886E-06	0.0164019
Mean permut val		-0.0112255	-0.0116601			-2.61796E-09	5.17761E-05
SD permut val		0.13359	0			5.48226E-07	0.0091415
95%CI-inf		-0.250904	-0.0116601			-1.27451E-06	-0.0206626
95%CI-sup		0.280274	-0.0116601			8.33785E-07	0.0147928
P(1-sided test, H1: obs<exp)		0.7386	1.0000			0.9961	0.9887
P(1-sided test, H1: obs>exp)		0.2615	1.0000			0.0040	0.0114
P(2-sided test, H1: obs<>exp)		0.5228	1.0000			0.0079	0.0227

Locus-2	Pairwise RELATIONSHIP coefficients ('r' in Lynch & Ritland, 1999)					Slopes of regression analyses
	intra-individual	intra-group	2			b-lin (slope linear dist)	b-log (slope ln(dist))
Object permuted		IaSG	SGLaSG			SGLaSG	SGLaSG
N valid permut		10000	10000			10000	10000
N different permut val		8902	1			10000	10000
Obs val		0.55556	-0.0188451			-2.09962E-06	-0.0301351
Mean permut val		-0.0320894	-0.0188451			-1.25962E-07	-0.000502479
SD permut val		0.837145	0			5.6086E-06	0.0697575
95%CI-inf		-2.66425	-0.0188451			-1.79903E-05	-0.191532
95%CI-sup		0.865649	-0.0188451			5.91727E-06	0.122618
P(1-sided test, H1: obs<exp)		0.8245	1.0000			0.2460	0.2592
P(1-sided test, H1: obs>exp)		0.1756	1.0000			0.7541	0.7409
P(2-sided test, H1: obs<>exp)		0.3511	1.0000			0.4919	0.5182

Locus-3	Pairwise RELATIONSHIP coefficients ('r' in Lynch & Ritland, 1999)					Slopes of regression analyses
	intra-individual	intra-group	2			b-lin (slope linear dist)	b-log (slope ln(dist))
Object permuted		IaSG	SGLaSG			SGLaSG	SGLaSG
N valid permut		10000	10000			10000	10000
N different permut val		10000	1			10000	9999
Obs val		-0.0476754	-0.0103168			5.07026E-07	0.00906483
Mean permut val		-0.0103433	-0.0103168			2.74605E-09	-0.000156583
SD permut val		0.086258	0			4.272E-07	0.00614862
95%CI-inf		-0.164995	-0.0103168			-9.38676E-07	-0.0137793
95%CI-sup		0.182354	-0.0103168			7.20892E-07	0.0102634
P(1-sided test, H1: obs<exp)		0.3434	1.0000			0.8958	0.9544
P(1-sided test, H1: obs>exp)		0.6567	1.0000			0.1043	0.0457
P(2-sided test, H1: obs<>exp)		0.6866	1.0000			0.2085	0.0913

Locus-4	Pairwise RELATIONSHIP coefficients ('r' in Lynch & Ritland, 1999)					Slopes of regression analyses
	intra-individual	intra-group	2			b-lin (slope linear dist)	b-log (slope ln(dist))
Object permuted		IaSG	SGLaSG			SGLaSG	SGLaSG
N valid permut		10000	10000			10000	10000
N different permut val		9615	1			9999	10000
Obs val		-0.0836611	-0.0100085			5.32047E-07	0.00323819
Mean permut val		-0.0156036	-0.0100085			-1.0136E-08	8.55461E-05
SD permut val		0.1835	0			8.98103E-07	0.0122254
95%CI-inf		-0.35782	-0.0100085			-2.21149E-06	-0.0272279
95%CI-sup		0.375858	-0.0100085			1.40008E-06	0.0202922
P(1-sided test, H1: obs<exp)		0.3547	1.0000			0.7167	0.5603
P(1-sided test, H1: obs>exp)		0.6454	1.0000			0.2834	0.4398
P(2-sided test, H1: obs<>exp)		0.7092	1.0000			0.5666	0.8794

Locus-5	Pairwise RELATIONSHIP coefficients ('r' in Lynch & Ritland, 1999)					Slopes of regression analyses
	intra-individual	intra-group	2			b-lin (slope linear dist)	b-log (slope ln(dist))
Object permuted		IaSG	SGLaSG			SGLaSG	SGLaSG
N valid permut		10000	10000			10000	10000
N different permut val		9999	1			9999	10000
Obs val		0.0293996	-0.0111101			-8.72183E-08	-0.00187146
Mean permut val		-0.0115035	-0.0111101			3.15271E-10	2.24281E-06
SD permut val		0.0531616	0			1.69489E-07	0.00342719
95%CI-inf		-0.104488	-0.0111101			-3.69426E-07	-0.00762607
95%CI-sup		0.103739	-0.0111101			2.89063E-07	0.00587983
P(1-sided test, H1: obs<exp)		0.7951	1.0000			0.2839	0.2663
P(1-sided test, H1: obs>exp)		0.2050	1.0000			0.7162	0.7338
P(2-sided test, H1: obs<>exp)		0.4099	1.0000			0.5676	0.5324

Locus-6	Pairwise RELATIONSHIP coefficients ('r' in Lynch & Ritland, 1999)					Slopes of regression analyses
	intra-individual	intra-group	2			b-lin (slope linear dist)	b-log (slope ln(dist))
Object permuted		IaSG	SGLaSG			SGLaSG	SGLaSG
N valid permut		10000	10000			10000	10000
N different permut val		9999	1			10000	10000
Obs val		-0.0299184	-0.0104155			1.0752E-07	0.00481087
Mean permut val		-0.0116783	-0.0104155			-8.50741E-11	2.53583E-05
SD permut val		0.0747019	0			2.07177E-07	0.0042761
95%CI-inf		-0.148248	-0.0104155			-4.86017E-07	-0.00939559
95%CI-sup		0.148366	-0.0104155			3.27538E-07	0.00726589
P(1-sided test, H1: obs<exp)		0.4243	1.0000			0.6653	0.8823
P(1-sided test, H1: obs>exp)		0.5758	1.0000			0.3348	0.1178
P(2-sided test, H1: obs<>exp)		0.8484	1.0000			0.6694	0.2355

Locus-7	Pairwise RELATIONSHIP coefficients ('r' in Lynch & Ritland, 1999)					Slopes of regression analyses
	intra-individual	intra-group	2			b-lin (slope linear dist)	b-log (slope ln(dist))
Object permuted		IaSG	SGLaSG			SGLaSG	SGLaSG
N valid permut		10000	10000			10000	10000
N different permut val		10000	1			10000	9999
Obs val		0.0564409	-0.0114287			1.74702E-07	0.00491301
Mean permut val		-0.0113419	-0.0114287			1.79907E-09	2.98838E-07
SD permut val		0.0539318	0			1.69824E-07	0.00335447
95%CI-inf		-0.106393	-0.0114287			-3.69936E-07	-0.00730281
95%CI-sup		0.102216	-0.0114287			2.98507E-07	0.00581811
P(1-sided test, H1: obs<exp)		0.8901	1.0000			0.8516	0.9437
P(1-sided test, H1: obs>exp)		0.1100	1.0000			0.1485	0.0564
P(2-sided test, H1: obs<>exp)		0.2199	1.0000			0.2969	0.1127

Locus-8	Pairwise RELATIONSHIP coefficients ('r' in Lynch & Ritland, 1999)					Slopes of regression analyses
	intra-individual	intra-group	2			b-lin (slope linear dist)	b-log (slope ln(dist))
Object permuted		IaSG	SGLaSG			SGLaSG	SGLaSG
N valid permut		10000	10000			10000	10000
N different permut val		9998	1			9998	9998
Obs val		0.0368226	-0.0110725			2.22077E-07	0.00167878
Mean permut val		-0.0117797	-0.0110725			-4.19749E-09	-0.000105879
SD permut val		0.0739018	0			3.36695E-07	0.00513802
95%CI-inf		-0.140305	-0.0110725			-7.05613E-07	-0.0113624
95%CI-sup		0.153634	-0.0110725			5.9399E-07	0.00863242
P(1-sided test, H1: obs<exp)		0.7682	1.0000			0.7363	0.6057
P(1-sided test, H1: obs>exp)		0.2319	1.0000			0.2638	0.3944
P(2-sided test, H1: obs<>exp)		0.4637	1.0000			0.5274	0.7886

Locus-9	Pairwise RELATIONSHIP coefficients ('r' in Lynch & Ritland, 1999)					Slopes of regression analyses
	intra-individual	intra-group	2			b-lin (slope linear dist)	b-log (slope ln(dist))
Object permuted		IaSG	SGLaSG			SGLaSG	SGLaSG
N valid permut		10000	10000			10000	10000
N different permut val		10000	1			10000	9999
Obs val		0.0145548	-0.0109293			1.96948E-08	-0.00169299
Mean permut val		-0.0110013	-0.0109293			-1.31453E-09	2.9875E-05
SD permut val		0.123862	0			5.92713E-07	0.00835713
95%CI-inf		-0.22251	-0.0109293			-1.30559E-06	-0.0184764
95%CI-sup		0.264616	-0.0109293			9.89743E-07	0.0139843
P(1-sided test, H1: obs<exp)		0.6189	1.0000			0.4803	0.3834
P(1-sided test, H1: obs>exp)		0.3812	1.0000			0.5198	0.6167
P(2-sided test, H1: obs<>exp)		0.7622	1.0000			0.9604	0.7666

Locus-10	Pairwise RELATIONSHIP coefficients ('r' in Lynch & Ritland, 1999)					Slopes of regression analyses
	intra-individual	intra-group	2			b-lin (slope linear dist)	b-log (slope ln(dist))
Object permuted		IaSG	SGLaSG			SGLaSG	SGLaSG
N valid permut		10000	10000			10000	10000
N different permut val		10000	1			10000	10000
Obs val		-0.091127	-0.0101821			2.96819E-07	0.00538182
Mean permut val		-0.00944102	-0.0101821			-6.44764E-09	2.36135E-05
SD permut val		0.0880557	0			3.20446E-07	0.00519888
95%CI-inf		-0.166761	-0.0101821			-7.00913E-07	-0.0114832
95%CI-sup		0.184321	-0.0101821			5.54424E-07	0.0089969
P(1-sided test, H1: obs<exp)		0.1675	1.0000			0.8278	0.8537
P(1-sided test, H1: obs>exp)		0.8326	1.0000			0.1723	0.1464
P(2-sided test, H1: obs<>exp)		0.3349	1.0000			0.3445	0.2927

Locus-11	Pairwise RELATIONSHIP coefficients ('r' in Lynch & Ritland, 1999)					Slopes of regression analyses
	intra-individual	intra-group	2			b-lin (slope linear dist)	b-log (slope ln(dist))
Object permuted		IaSG	SGLaSG			SGLaSG	SGLaSG
N valid permut		10000	10000			10000	10000
N different permut val		10000	1			10000	9998
Obs val		-0.0264758	-0.011308			6.60775E-08	0.00607838
Mean permut val		-0.0124179	-0.011308			-3.78046E-09	1.94527E-05
SD permut val		0.0469862	0			1.37027E-07	0.00277369
95%CI-inf		-0.0953892	-0.011308			-3.02119E-07	-0.00605367
95%CI-sup		0.0896321	-0.011308			2.27404E-07	0.00487733
P(1-sided test, H1: obs<exp)		0.4118	1.0000			0.6754	0.9943
P(1-sided test, H1: obs>exp)		0.5883	1.0000			0.3247	0.0058
P(2-sided test, H1: obs<>exp)		0.8234	1.0000			0.6492	0.0115

Locus-12	Pairwise RELATIONSHIP coefficients ('r' in Lynch & Ritland, 1999)					Slopes of regression analyses
	intra-individual	intra-group	2			b-lin (slope linear dist)	b-log (slope ln(dist))
Object permuted		IaSG	SGLaSG			SGLaSG	SGLaSG
N valid permut		10000	10000			10000	10000
N different permut val		1626	1			10000	9999
Obs val		-0.141022	-0.0090209			-1.51484E-06	-0.0327755
Mean permut val		-0.0118703	-0.0090209			-1.73857E-08	-0.000219671
SD permut val		0.20545	0			9.27198E-07	0.0137614
95%CI-inf		-0.364722	-0.0090209			-1.94591E-06	-0.0296153
95%CI-sup		0.461017	-0.0090209			1.72516E-06	0.0236289
P(1-sided test, H1: obs<exp)		0.2743	1.0000			0.0565	0.0191
P(1-sided test, H1: obs>exp)		0.7294	1.0000			0.9436	0.9810
P(2-sided test, H1: obs<>exp)		0.5448	1.0000			0.1129	0.0381

Locus-13	Pairwise RELATIONSHIP coefficients ('r' in Lynch & Ritland, 1999)					Slopes of regression analyses
	intra-individual	intra-group	2			b-lin (slope linear dist)	b-log (slope ln(dist))
Object permuted		IaSG	SGLaSG			SGLaSG	SGLaSG
N valid permut		10000	10000			10000	10000
N different permut val		10000	1			10000	9999
Obs val		-0.00744245	-0.010676			1.55101E-08	0.00171996
Mean permut val		-0.00949027	-0.010676			9.0054E-09	-9.40387E-06
SD permut val		0.108529	0			4.07097E-07	0.00703104
95%CI-inf		-0.205289	-0.010676			-9.07214E-07	-0.0156645
95%CI-sup		0.226068	-0.010676			6.53266E-07	0.011403
P(1-sided test, H1: obs<exp)		0.5336	1.0000			0.4551	0.5517
P(1-sided test, H1: obs>exp)		0.4665	1.0000			0.5450	0.4484
P(2-sided test, H1: obs<>exp)		0.9328	1.0000			0.9100	0.8966

Locus-14	Pairwise RELATIONSHIP coefficients ('r' in Lynch & Ritland, 1999)					Slopes of regression analyses
	intra-individual	intra-group	2			b-lin (slope linear dist)	b-log (slope ln(dist))
Object permuted		IaSG	SGLaSG			SGLaSG	SGLaSG
N valid permut		10000	10000			10000	10000
N different permut val		1734	1			9998	9999
Obs val		-0.120704	-0.00925565			1.41119E-06	-0.000509029
Mean permut val		-0.00884114	-0.00925565			4.00694E-09	-0.00014597
SD permut val		0.205021	0			1.17317E-06	0.0147928
95%CI-inf		-0.357416	-0.00925565			-2.55211E-06	-0.0328458
95%CI-sup		0.451014	-0.00925565			1.94979E-06	0.02414
P(1-sided test, H1: obs<exp)		0.3155	1.0000			0.8933	0.4507
P(1-sided test, H1: obs>exp)		0.6860	1.0000			0.1068	0.5494
P(2-sided test, H1: obs<>exp)		0.6294	1.0000			0.2135	0.9012

Locus-15	Pairwise RELATIONSHIP coefficients ('r' in Lynch & Ritland, 1999)					Slopes of regression analyses
	intra-individual	intra-group	2			b-lin (slope linear dist)	b-log (slope ln(dist))
Object permuted		IaSG	SGLaSG			SGLaSG	SGLaSG
N valid permut		10000	10000			10000	10000
N different permut val		9999	1			9998	10000
Obs val		0.0706727	-0.0114629			-3.66027E-07	-0.00929991
Mean permut val		-0.0119415	-0.0114629			-4.45399E-09	-3.39962E-06
SD permut val		0.09288	0			3.35751E-07	0.00601368
95%CI-inf		-0.179262	-0.0114629			-7.55423E-07	-0.0135745
95%CI-sup		0.187596	-0.0114629			5.39285E-07	0.0102459
P(1-sided test, H1: obs<exp)		0.8200	1.0000			0.1445	0.0715
P(1-sided test, H1: obs>exp)		0.1801	1.0000			0.8556	0.9286
P(2-sided test, H1: obs<>exp)		0.3601	1.0000			0.2889	0.1429

Locus-16	Pairwise RELATIONSHIP coefficients ('r' in Lynch & Ritland, 1999)					Slopes of regression analyses
	intra-individual	intra-group	2			b-lin (slope linear dist)	b-log (slope ln(dist))
Object permuted		IaSG	SGLaSG			SGLaSG	SGLaSG
N valid permut		10000	10000			10000	10000
N different permut val		10000	1			9999	9999
Obs val		0.168035	-0.0142443			-1.92372E-06	-0.0258056
Mean permut val		-0.0117555	-0.0142443			-1.52103E-08	9.68537E-05
SD permut val		0.113459	0			5.00743E-07	0.00814972
95%CI-inf		-0.217154	-0.0142443			-1.12636E-06	-0.0175271
95%CI-sup		0.227588	-0.0142443			7.82551E-07	0.0140066
P(1-sided test, H1: obs<exp)		0.9386	1.0000			0.0018	0.0050
P(1-sided test, H1: obs>exp)		0.0615	1.0000			0.9983	0.9951
P(2-sided test, H1: obs<>exp)		0.1229	1.0000			0.0035	0.0099



PAIRWISE SPATIAL AND GENETIC DISTANCES written as matrices

Matrix of pairwise spatial distances between INDIVIDUALS (a -1 value is given for pairs of individuals belonging to a same spatial group)
	PRBI51	PRBI71	PRBI72	PRBI73	PRBI74	PRBI75	PRBI76	PRBI77	PRBI78	PRBI79	PRBI80	PRBI81	PRBI82	PRBI83	PRBI84	PRBI85	PRBI137	PRBI138	PRBI146	PRBI147	PRBI148	PRBI149	PRBI150	PRBI151	PRBI152	PRBI153	PRBI154	PRBI155	PRBI156	PRBI157	PRBI158	PRBI159	PRBI110	PRBI112	PRBI113	PRBI114	PRBI115	PRBI116	PRBI117	PRBI118	PRBI119	PRBI120	PRBI121	PRBI122	PRBI123	PRBI86	PRBI87	PRBI98	PRBI99	PRBI209	PRBI210	PRBI211	PRBI213	PRBI214	PRBI215	PRBI216	PRBI226	PRBI227	PRBI228	PRBI229	PRBI230	PRBI231	PRBI232	PRBI233	PRBI234	PRBI235	PRBI236	PRBI237	PRBI238	PRBI239	PRBI160	PRBI161	PRBI164	PRBI167	PRBI168	PRBI169	PRBI170	PRBI174	PRBI175	PRBI178	PRBI179	PRBI180	PRBI181	PRBI183	PRBI184	PRBI185	PRBI186	PRBI188	PRBI189	PRBI260	PRBI261	PRBI262	PRBI263	PRBI465	PRBI466	PRBI510
PRBI51	-1	387.281	387.281	1819.04	1819.04	487.836	487.836	466.44	325.809	325.809	258.26	79.7004	44.8658	80.0856	3795.9	3642.02	30977.1	30977.1	31681.9	32350	32350	27679.4	27930.6	27930.6	28020.2	28020.2	27518.6	27518.6	27524.4	27507.2	27460.4	27460.4	58457	54201.2	54156.7	54156.7	54123.2	54098.5	54137.2	54137.2	54146.9	54146.9	54146.9	55055.1	55055.1	62655.8	62655.8	59665.9	59665.9	80524.4	80524.4	80524.4	80524.4	80524.4	80524.4	80524.4	82546.6	82546.6	82558.1	82558.1	82600.2	82606.2	82606.2	82677.5	82717	82717	82719.2	82738.8	82744.5	82744.5	105574	105574	105726	105749	103464	103464	103396	103145	103236	103288	105638	105635	103236	105599	105599	104705	104705	104631	104631	142240	142240	142333	142333	167794	167794	186631
PRBI71	387.281	-1	-1	1436.91	1436.91	874.961	874.961	853.438	713.055	713.055	645.237	465.445	342.962	307.768	3452.38	3294.98	30858.6	30858.6	31565.4	32235.8	32235.8	27548.2	27800.9	27800.9	27891	27891	27378.1	27378.1	27384.3	27367.4	27322.7	27322.7	58379.3	54123.7	54078.9	54078.9	54045.5	54021.1	54059.9	54059.9	54069.5	54069.5	54069.5	54981.8	54981.8	62578.8	62578.8	59582.5	59582.5	80477.7	80477.7	80477.7	80477.7	80477.7	80477.7	80477.7	82494.1	82494.1	82505.7	82505.7	82547.6	82553.5	82553.5	82624.4	82663.5	82663.5	82665.6	82685.1	82690.8	82690.8	105494	105494	105645	105668	103391	103391	103324	103075	103167	103219	105558	105555	103167	105519	105519	104628	104628	104554	104554	142148	142148	142240	142240	167743	167743	186595
PRBI72	387.281	-1	-1	1436.91	1436.91	874.961	874.961	853.438	713.055	713.055	645.237	465.445	342.962	307.768	3452.38	3294.98	30858.6	30858.6	31565.4	32235.8	32235.8	27548.2	27800.9	27800.9	27891	27891	27378.1	27378.1	27384.3	27367.4	27322.7	27322.7	58379.3	54123.7	54078.9	54078.9	54045.5	54021.1	54059.9	54059.9	54069.5	54069.5	54069.5	54981.8	54981.8	62578.8	62578.8	59582.5	59582.5	80477.7	80477.7	80477.7	80477.7	80477.7	80477.7	80477.7	82494.1	82494.1	82505.7	82505.7	82547.6	82553.5	82553.5	82624.4	82663.5	82663.5	82665.6	82685.1	82690.8	82690.8	105494	105494	105645	105668	103391	103391	103324	103075	103167	103219	105558	105555	103167	105519	105519	104628	104628	104554	104554	142148	142148	142240	142240	167743	167743	186595
PRBI73	1819.04	1436.91	1436.91	-1	-1	2300.46	2300.46	2278.32	2142.7	2142.7	2076.54	1898.55	1776.12	1741.59	2137.87	1969.69	30210.6	30210.6	30923.8	31601.2	31601.2	26859.7	27117.3	27117.3	27209.2	27209.2	26657.1	26657.1	26664.7	26649.1	26611.8	26611.8	57858.3	53605.2	53559.5	53559.5	53526.1	53502.9	53542	53542	53550.9	53550.9	53550.9	54478	54478	62058.9	62058.9	59040.9	59040.9	80061.9	80061.9	80061.9	80061.9	80061.9	80061.9	80061.9	82057	82057	82068.6	82068.6	82110	82115.9	82115.9	82185.1	82222.8	82222.8	82224.6	82243.8	82249.5	82249.5	104955	104955	105103	105127	102879	102879	102813	102574	102665	102719	105020	105017	102665	104981	104981	104103	104103	104029	104029	141563	141563	141656	141656	167306	167306	186208
PRBI74	1819.04	1436.91	1436.91	-1	-1	2300.46	2300.46	2278.32	2142.7	2142.7	2076.54	1898.55	1776.12	1741.59	2137.87	1969.69	30210.6	30210.6	30923.8	31601.2	31601.2	26859.7	27117.3	27117.3	27209.2	27209.2	26657.1	26657.1	26664.7	26649.1	26611.8	26611.8	57858.3	53605.2	53559.5	53559.5	53526.1	53502.9	53542	53542	53550.9	53550.9	53550.9	54478	54478	62058.9	62058.9	59040.9	59040.9	80061.9	80061.9	80061.9	80061.9	80061.9	80061.9	80061.9	82057	82057	82068.6	82068.6	82110	82115.9	82115.9	82185.1	82222.8	82222.8	82224.6	82243.8	82249.5	82249.5	104955	104955	105103	105127	102879	102879	102813	102574	102665	102719	105020	105017	102665	104981	104981	104103	104103	104029	104029	141563	141563	141656	141656	167306	167306	186208
PRBI75	487.836	874.961	874.961	2300.46	2300.46	-1	-1	22.3744	163.664	163.664	232.333	411.176	532.457	567.76	4231.77	4082.22	31114.9	31114.9	31817	32482.3	32482.3	27834	28083.3	28083.3	28172.2	28172.2	27685	27685	27690.4	27672.7	27623.2	27623.2	58540.2	54284.3	54240.2	54240.2	54206.6	54181.6	54220.1	54220.1	54230.1	54230.1	54230.1	55132.8	55132.8	62737.9	62737.9	59756.2	59756.2	80567.4	80567.4	80567.4	80567.4	80567.4	80567.4	80567.4	82596.8	82596.8	82608.4	82608.4	82650.7	82656.6	82656.6	82728.5	82768.5	82768.5	82770.9	82790.6	82796.2	82796.2	105658	105658	105812	105835	103539	103539	103471	103216	103308	103359	105723	105720	103308	105684	105684	104785	104785	104711	104711	142340	142340	142432	142432	167840	167840	186659
PRBI76	487.836	874.961	874.961	2300.46	2300.46	-1	-1	22.3744	163.664	163.664	232.333	411.176	532.457	567.76	4231.77	4082.22	31114.9	31114.9	31817	32482.3	32482.3	27834	28083.3	28083.3	28172.2	28172.2	27685	27685	27690.4	27672.7	27623.2	27623.2	58540.2	54284.3	54240.2	54240.2	54206.6	54181.6	54220.1	54220.1	54230.1	54230.1	54230.1	55132.8	55132.8	62737.9	62737.9	59756.2	59756.2	80567.4	80567.4	80567.4	80567.4	80567.4	80567.4	80567.4	82596.8	82596.8	82608.4	82608.4	82650.7	82656.6	82656.6	82728.5	82768.5	82768.5	82770.9	82790.6	82796.2	82796.2	105658	105658	105812	105835	103539	103539	103471	103216	103308	103359	105723	105720	103308	105684	105684	104785	104785	104711	104711	142340	142340	142432	142432	167840	167840	186659
PRBI77	466.44	853.438	853.438	2278.32	2278.32	22.3744	22.3744	-1	143.377	143.377	211.923	390.144	511.12	546.423	4209.64	4060.03	31102.6	31102.6	31804.8	32470.2	32470.2	27821	28070.3	28070.3	28159.3	28159.3	27671.6	27671.6	27676.9	27659.2	27609.9	27609.9	58530.1	54274.3	54230.1	54230.1	54196.6	54171.6	54210.1	54210.1	54220.1	54220.1	54220.1	55123	55123	62727.9	62727.9	59745.9	59745.9	80559	80559	80559	80559	80559	80559	80559	82588.2	82588.2	82599.8	82599.8	82642	82648	82648	82719.8	82759.9	82759.9	82762.2	82781.9	82787.5	82787.5	105648	105648	105802	105825	103530	103530	103462	103207	103299	103349	105713	105710	103299	105673	105673	104775	104775	104701	104701	142329	142329	142422	142422	167832	167832	186652
PRBI78	325.809	713.055	713.055	2142.7	2142.7	163.664	163.664	143.377	-1	-1	68.6726	248.118	370.126	405.38	4093.55	3942.28	31086.3	31086.3	31789.3	32455.6	32455.6	27799.5	28049.5	28049.5	28138.6	28138.6	27646.4	27646.4	27651.9	27634.4	27585.9	27585.9	58530.6	54274.7	54230.4	54230.4	54196.9	54172	54210.6	54210.6	54220.5	54220.5	54220.5	55125	55125	62728.7	62728.7	59744.2	59744.2	80571.5	80571.5	80571.5	80571.5	80571.5	80571.5	80571.5	82598.5	82598.5	82610.1	82610.1	82652.3	82658.2	82658.2	82729.9	82769.8	82769.8	82772.1	82791.8	82797.4	82797.4	105649	105649	105801	105825	103533	103533	103465	103211	103303	103354	105713	105710	103303	105674	105674	104776	104776	104702	104702	142325	142325	142417	142417	167843	167843	186669
PRBI79	325.809	713.055	713.055	2142.7	2142.7	163.664	163.664	143.377	-1	-1	68.6726	248.118	370.126	405.38	4093.55	3942.28	31086.3	31086.3	31789.3	32455.6	32455.6	27799.5	28049.5	28049.5	28138.6	28138.6	27646.4	27646.4	27651.9	27634.4	27585.9	27585.9	58530.6	54274.7	54230.4	54230.4	54196.9	54172	54210.6	54210.6	54220.5	54220.5	54220.5	55125	55125	62728.7	62728.7	59744.2	59744.2	80571.5	80571.5	80571.5	80571.5	80571.5	80571.5	80571.5	82598.5	82598.5	82610.1	82610.1	82652.3	82658.2	82658.2	82729.9	82769.8	82769.8	82772.1	82791.8	82797.4	82797.4	105649	105649	105801	105825	103533	103533	103465	103211	103303	103354	105713	105710	103303	105674	105674	104776	104776	104702	104702	142325	142325	142417	142417	167843	167843	186669
PRBI80	258.26	645.237	645.237	2076.54	2076.54	232.333	232.333	211.923	68.6726	68.6726	-1	179.905	302.288	337.472	4035.65	3883.66	31073.7	31073.7	31777.1	32443.8	32443.8	27784.4	28034.7	28034.7	28123.9	28123.9	27629.7	27629.7	27635.3	27617.8	27569.6	27569.6	58525.9	54270	54225.7	54225.7	54192.1	54167.3	54205.9	54205.9	54215.8	54215.8	54215.8	55121.1	55121.1	62724.1	62724.1	59738.4	59738.4	80572.5	80572.5	80572.5	80572.5	80572.5	80572.5	80572.5	82598.5	82598.5	82610.1	82610.1	82652.2	82658.2	82658.2	82729.8	82769.6	82769.6	82771.8	82791.5	82797.2	82797.2	105644	105644	105796	105820	103529	103529	103461	103208	103300	103351	105708	105705	103300	105669	105669	104772	104772	104698	104698	142318	142318	142410	142410	167844	167844	186672
PRBI81	79.7004	465.445	465.445	1898.55	1898.55	411.176	411.176	390.144	248.118	248.118	179.905	-1	122.682	157.714	3873.36	3719.85	31017.6	31017.6	31722	32389.8	32389.8	27722.3	27973.3	27973.3	28062.8	28062.8	27563.2	27563.2	27569	27551.7	27504.5	27504.5	58489.6	54233.8	54189.3	54189.3	54155.8	54131.1	54169.7	54169.7	54179.5	54179.5	54179.5	55086.8	55086.8	62688.2	62688.2	59699.6	59699.6	80550.9	80550.9	80550.9	80550.9	80550.9	80550.9	80550.9	82574.2	82574.2	82585.8	82585.8	82627.9	82633.9	82633.9	82705.3	82744.9	82744.9	82747.1	82766.7	82772.4	82772.4	105607	105607	105759	105782	103496	103496	103428	103176	103267	103319	105671	105668	103267	105632	105632	104737	104737	104663	104663	142276	142276	142368	142368	167821	167821	186656
PRBI82	44.8658	342.962	342.962	1776.12	1776.12	532.457	532.457	511.12	370.126	370.126	302.288	122.682	-1	35.3034	3759.03	3604.65	30969.5	30969.5	31674.6	32343	32343	27670.3	27921.7	27921.7	28011.3	28011.3	27508.4	27508.4	27514.3	27497	27450.5	27450.5	58454.4	54198.6	54154.1	54154.1	54120.6	54096	54134.6	54134.6	54144.3	54144.3	54144.3	55053	55053	62653.3	62653.3	59662.6	59662.6	80525.5	80525.5	80525.5	80525.5	80525.5	80525.5	80525.5	82547	82547	82558.6	82558.6	82600.6	82606.6	82606.6	82677.8	82717.3	82717.3	82719.5	82739.1	82744.7	82744.7	105571	105571	105723	105746	103462	103462	103395	103143	103235	103286	105635	105633	103235	105596	105596	104702	104702	104628	104628	142236	142236	142328	142328	167795	167795	186634
PRBI83	80.0856	307.768	307.768	1741.59	1741.59	567.76	567.76	546.423	405.38	405.38	337.472	157.714	35.3034	-1	3728.39	3573.67	30960.4	30960.4	31665.7	32334.3	32334.3	27660	27911.6	27911.6	28001.3	28001.3	27497.2	27497.2	27503.2	27486	27439.6	27439.6	58449.1	54193.4	54148.8	54148.8	54115.3	54090.7	54129.4	54129.4	54139.1	54139.1	54139.1	55048.1	55048.1	62648.1	62648.1	59656.8	59656.8	80523.1	80523.1	80523.1	80523.1	80523.1	80523.1	80523.1	82544.1	82544.1	82555.6	82555.6	82597.7	82603.6	82603.6	82674.8	82714.3	82714.3	82716.5	82736.1	82741.7	82741.7	105565	105565	105717	105741	103457	103457	103390	103139	103230	103282	105630	105627	103230	105591	105591	104697	104697	104623	104623	142229	142229	142322	142322	167792	167792	186632
PRBI84	3795.9	3452.38	3452.38	2137.87	2137.87	4231.77	4231.77	4209.64	4093.55	4093.55	4035.65	3873.36	3759.03	3728.39	-1	171.196	28457.1	28457.1	29175.5	29858.8	29858.8	25072.8	25334.7	25334.7	25428	25428	24839.3	24839.3	24848.3	24833.9	24803.6	24803.6	56206.2	51958.2	51911.6	51911.6	51878.4	51856.3	51895.8	51895.8	51903.9	51903.9	51903.9	52845.8	52845.8	60405.8	60405.8	57367	57367	78511.5	78511.5	78511.5	78511.5	78511.5	78511.5	78511.5	80483.2	80483.2	80494.8	80494.8	80535.6	80541.5	80541.5	80608.8	80644.9	80644.9	80646.5	80665.4	80671	80671	103271	103271	103416	103440	101221	101221	101157	100928	101019	101074	103336	103333	101019	103297	103297	102433	102433	102358	102358	139830	139830	139922	139922	165720	165720	184674
PRBI85	3642.02	3294.98	3294.98	1969.69	1969.69	4082.22	4082.22	4060.03	3942.28	3942.28	3883.66	3719.85	3604.65	3573.67	171.196	-1	28611.4	28611.4	29329.5	30012.4	30012.4	25228.9	25490.6	25490.6	25583.8	25583.8	24997.4	24997.4	25006.2	24991.8	24961.1	24961.1	56354.9	52106.5	52059.9	52059.9	52026.7	52004.6	52044.1	52044.1	52052.2	52052.2	52052.2	52993.2	52993.2	60554.6	60554.6	57517.1	57517.1	78654	78654	78654	78654	78654	78654	78654	80627.2	80627.2	80638.8	80638.8	80679.6	80685.5	80685.5	80752.9	80789.2	80789.2	80790.8	80809.7	80815.3	80815.3	103422	103422	103567	103591	101371	101371	101307	101077	101168	101223	103487	103484	101168	103448	103448	102583	102583	102508	102508	139984	139984	140077	140077	165865	165865	184816
PRBI137	30977.1	30858.6	30858.6	30210.6	30210.6	31114.9	31114.9	31102.6	31086.3	31086.3	31073.7	31017.6	30969.5	30960.4	28457.1	28611.4	-1	-1	726.701	1421.94	1421.94	3455.5	3180.84	3180.84	3083.18	3083.18	3889.26	3889.26	3869.61	3871.74	3842.85	3842.85	27887.2	23673.3	23623.6	23623.6	23591	23573	23613.7	23613.7	23619.1	23619.1	23619.1	24609.5	24609.5	32071.8	32071.8	28988	28988	50480.4	50480.4	50480.4	50480.4	50480.4	50480.4	50480.4	52352.6	52352.6	52364.3	52364.3	52402.9	52408.6	52408.6	52468.9	52499.3	52499.3	52499.9	52517.5	52523	52523	74845.1	74845.1	74986.2	75010.6	72835.6	72835.6	72774.4	72564.8	72654.5	72713.4	74910.3	74907.3	72654.5	74872	74872	74025.1	74025.1	73950.4	73950.4	111372	111372	111465	111465	137465	137465	156565
PRBI138	30977.1	30858.6	30858.6	30210.6	30210.6	31114.9	31114.9	31102.6	31086.3	31086.3	31073.7	31017.6	30969.5	30960.4	28457.1	28611.4	-1	-1	726.701	1421.94	1421.94	3455.5	3180.84	3180.84	3083.18	3083.18	3889.26	3889.26	3869.61	3871.74	3842.85	3842.85	27887.2	23673.3	23623.6	23623.6	23591	23573	23613.7	23613.7	23619.1	23619.1	23619.1	24609.5	24609.5	32071.8	32071.8	28988	28988	50480.4	50480.4	50480.4	50480.4	50480.4	50480.4	50480.4	52352.6	52352.6	52364.3	52364.3	52402.9	52408.6	52408.6	52468.9	52499.3	52499.3	52499.9	52517.5	52523	52523	74845.1	74845.1	74986.2	75010.6	72835.6	72835.6	72774.4	72564.8	72654.5	72713.4	74910.3	74907.3	72654.5	74872	74872	74025.1	74025.1	73950.4	73950.4	111372	111372	111465	111465	137465	137465	156565
PRBI146	31681.9	31565.4	31565.4	30923.8	30923.8	31817	31817	31804.8	31789.3	31789.3	31777.1	31722	31674.6	31665.7	29175.5	29329.5	726.701	726.701	-1	695.534	695.534	4181.78	3907.31	3907.31	3809.72	3809.72	4604.16	4604.16	4585.24	4588.32	4563.55	4563.55	27160.5	22946.6	22897	22897	22864.4	22846.4	22887	22887	22892.5	22892.5	22892.5	23883.1	23883.1	31345.3	31345.3	28262.2	28262.2	49755.1	49755.1	49755.1	49755.1	49755.1	49755.1	49755.1	51626.4	51626.4	51638	51638	51676.6	51682.3	51682.3	51742.6	51773	51773	51773.6	51791.2	51796.6	51796.6	74122	74122	74263.3	74287.7	72110.7	72110.7	72049.4	71839.4	71929.1	71987.8	74187.2	74184.2	71929.1	74148.8	74148.8	73301	73301	73226.3	73226.3	110654	110654	110747	110747	136738	136738	155839
PRBI147	32350	32235.8	32235.8	31601.2	31601.2	32482.3	32482.3	32470.2	32455.6	32455.6	32443.8	32389.8	32343	32334.3	29858.8	30012.4	1421.94	1421.94	695.534	-1	-1	4877.28	4602.75	4602.75	4505.11	4505.11	5295	5295	5276.47	5280.04	5257.3	5257.3	26466.1	22251.4	22201.8	22201.8	22169.2	22151.2	22191.8	22191.8	22197.3	22197.3	22197.3	23187.7	23187.7	30651.4	30651.4	27569.6	27569.6	49059.8	49059.8	49059.8	49059.8	49059.8	49059.8	49059.8	50930.9	50930.9	50942.5	50942.5	50981.1	50986.8	50986.8	51047.1	51077.5	51077.5	51078.1	51095.7	51101.1	51101.1	73433.4	73433.4	73575	73599.4	71419.5	71419.5	71358.1	71147.3	71237	71295.7	73498.5	73495.5	71237	73460.1	73460.1	72611	72611	72536.3	72536.3	109972	109972	110065	110065	136044	136044	155143
PRBI148	32350	32235.8	32235.8	31601.2	31601.2	32482.3	32482.3	32470.2	32455.6	32455.6	32443.8	32389.8	32343	32334.3	29858.8	30012.4	1421.94	1421.94	695.534	-1	-1	4877.28	4602.75	4602.75	4505.11	4505.11	5295	5295	5276.47	5280.04	5257.3	5257.3	26466.1	22251.4	22201.8	22201.8	22169.2	22151.2	22191.8	22191.8	22197.3	22197.3	22197.3	23187.7	23187.7	30651.4	30651.4	27569.6	27569.6	49059.8	49059.8	49059.8	49059.8	49059.8	49059.8	49059.8	50930.9	50930.9	50942.5	50942.5	50981.1	50986.8	50986.8	51047.1	51077.5	51077.5	51078.1	51095.7	51101.1	51101.1	73433.4	73433.4	73575	73599.4	71419.5	71419.5	71358.1	71147.3	71237	71295.7	73498.5	73495.5	71237	73460.1	73460.1	72611	72611	72536.3	72536.3	109972	109972	110065	110065	136044	136044	155143
PRBI149	27679.4	27548.2	27548.2	26859.7	26859.7	27834	27834	27821	27799.5	27799.5	27784.4	27722.3	27670.3	27660	25072.8	25228.9	3455.5	3455.5	4181.78	4877.28	4877.28	-1	276.525	276.525	374.901	374.901	726.978	726.978	696.282	673.432	539.165	539.165	31338.8	27127.6	27077.9	27077.9	27045.3	27027.5	27068.2	27068.2	27073.5	27073.5	27073.5	28064.9	28064.9	35521.1	35521.1	32432	32432	53934.8	53934.8	53934.8	53934.8	53934.8	53934.8	53934.8	55808.1	55808.1	55819.8	55819.8	55858.3	55864.1	55864.1	55924.4	55954.8	55954.8	55955.3	55972.9	55978.4	55978.4	78270.3	78270.3	78409.8	78434.4	76272.2	76272.2	76211.6	76005.5	76095	76154.4	78335.6	78332.6	76095	78297.4	78297.4	77456.4	77456.4	77381.7	77381.7	114767	114767	114860	114860	140914	140914	160020
PRBI150	27930.6	27800.9	27800.9	27117.3	27117.3	28083.3	28083.3	28070.3	28049.5	28049.5	28034.7	27973.3	27921.7	27911.6	25334.7	25490.6	3180.84	3180.84	3907.31	4602.75	4602.75	276.525	-1	-1	98.3758	98.3758	924.27	924.27	894.603	877.99	770.184	770.184	31065.6	26853.7	26804	26804	26771.4	26753.5	26794.2	26794.2	26799.5	26799.5	26799.5	27790.4	27790.4	35248.5	35248.5	32160.4	32160.4	53659.3	53659.3	53659.3	53659.3	53659.3	53659.3	53659.3	55533.4	55533.4	55545	55545	55583.6	55589.4	55589.4	55649.8	55680.2	55680.2	55680.8	55698.4	55703.8	55703.8	78001.8	78001.8	78141.5	78166.1	76002	76002	75941.3	75734.6	75824.2	75883.5	78067.1	78064.1	75824.2	78028.8	78028.8	77187	77187	77112.3	77112.3	114502	114502	114595	114595	140642	140642	159746
PRBI151	27930.6	27800.9	27800.9	27117.3	27117.3	28083.3	28083.3	28070.3	28049.5	28049.5	28034.7	27973.3	27921.7	27911.6	25334.7	25490.6	3180.84	3180.84	3907.31	4602.75	4602.75	276.525	-1	-1	98.3758	98.3758	924.27	924.27	894.603	877.99	770.184	770.184	31065.6	26853.7	26804	26804	26771.4	26753.5	26794.2	26794.2	26799.5	26799.5	26799.5	27790.4	27790.4	35248.5	35248.5	32160.4	32160.4	53659.3	53659.3	53659.3	53659.3	53659.3	53659.3	53659.3	55533.4	55533.4	55545	55545	55583.6	55589.4	55589.4	55649.8	55680.2	55680.2	55680.8	55698.4	55703.8	55703.8	78001.8	78001.8	78141.5	78166.1	76002	76002	75941.3	75734.6	75824.2	75883.5	78067.1	78064.1	75824.2	78028.8	78028.8	77187	77187	77112.3	77112.3	114502	114502	114595	114595	140642	140642	159746
